4.502651984376939698e-01 -1.541261744587019589e+00
9.767229278422202565e-01 7.054902738997858025e-01
-6.839818663733718829e-01 -1.296423792516265827e+00
-6.301238750036199932e-01 1.035630187192760898e+00
1.562319102498854528e+00 9.663814944746909052e-01
-9.115697509213227523e-02 -5.402969230663403621e-01
-1.515865279130013121e-02 -1.143329363778384788e-01
1.336719853435030414e+00 -2.569021959914334019e+00
-1.426183884025253645e+00 -9.583870766065438751e-02
-2.119759358820497930e+00 6.546512441241403302e-01
4.139917212805301894e-01 -1.899261234110327434e+00
-4.503917640746747386e-01 5.518928139661914978e-01
2.481257326446404843e+00 2.076008545186289744e+00
-1.102203319483278987e+00 1.133852228836185638e+00
6.705590000852709176e-01 6.978564948114477362e-01
7.605010580400733966e-01 7.119721167203367784e-01
-4.635645963706089279e-01 -1.107577984559675599e+00
-1.772139784576458599e-01 -1.546527601987951916e+00
-2.728944765920886084e+00 7.355479543567875478e-01
2.898618757777393640e-02 -2.220854508749324552e+00
-4.432241927486661459e-01 8.120141763263493129e-01
1.635732008081409061e+00 -3.048674980965722980e+00
-8.436980897057779760e-01 -6.951286323464269667e-01
1.943130118489724056e+00 2.406753010657852743e-01
-2.693286846764173070e+00 1.144663088294691544e+00
-4.423173742444443945e-01 -1.778347332151038795e+00
-1.653426577621693205e+00 2.576339654955612790e+00
-3.183254489840206536e-01 1.121835552046386297e-01
9.688624953289786124e-01 7.136664564841126435e-01
-1.118266078386277451e-01 -1.414887901497807743e+00
-1.309566078284193358e+00 1.793565456193218166e+00
9.721416751128575395e-01 7.137193733134992168e-01
-6.643612467111702502e-01 -9.441646473497480319e-01
4.192964931178123633e-01 6.844531160463382946e-01
-8.466745122610550567e-01 9.801483262133623420e-01
-3.708560533462291753e-01 4.862379995457634108e-01
1.490272296156501586e+00 7.334850502453793553e-01
-1.547485673913319371e+00 2.615190581323588503e+00
-9.901306407660872555e-01 -2.689169097791142438e+00
1.128938859491008362e+00 7.247151658310434508e-01
1.454931167263957548e-01 -1.591843999295891487e+00
-2.474392905053249825e-01 -1.538530043724099183e+00
-9.892172588375860443e-01 1.001687144286346420e+00
6.195164769000631733e-01 6.987241449864658449e-01
-1.100127478813570647e+00 1.242270206881416428e+00
8.140591120195381780e-01 -2.051973209627946826e+00
9.489795972578666250e-01 1.525774004163827913e+00
1.034882043298407828e+00 2.557210973619788996e-01
8.838462100932470422e-01 6.987726408367860298e-01
1.625124332439941366e+00 -8.107433784672536392e-01
7.002182119344518840e-01 4.543628890589821445e-01
7.453026231513046884e-01 -1.879098243902223020e+00
7.602354795292700640e-01 2.063850233134055800e-01
8.316779438006074443e-01 -2.310207601885727158e+00
6.109342342374798340e-01 6.982234589715921036e-01
-6.408871575786354580e-01 -1.343827599748874668e-01
-1.617515976938198596e+00 -3.131071628680971664e+00
1.519335525022294409e+00 -2.541568012901698759e-01
6.205772534810436447e-01 6.969722129894082574e-01
6.175902177224780187e-01 6.949219720652155541e-01
2.203945829560577163e+00 9.793180529914362609e-01
6.206656823628963204e-01 6.924630788458560060e-01
-1.260747428322498420e+00 -1.044157298159965608e-01
1.639224624732261715e-01 -3.352677299899555763e-01
6.913535124660299402e-01 6.950454168437638636e-01
-2.078891567447172406e+00 4.267685572644435155e-01
-8.304862943858306590e-01 1.514215583768460549e+00
-6.283358472483557833e-02 -9.035189373836314264e-01
5.693086448501053498e-01 7.012424379359563087e-01
-7.263492312691960384e-01 6.640960678722487298e-01
-8.732500820235712391e-01 1.197687214585443805e+00
-1.915945061095050805e+00 -1.239171452098333237e-01
9.051997895014953777e-01 -2.238721628835946831e+00
1.066714470726909614e+00 7.161227238821599173e-01
2.465296836346018150e+00 1.349771356801369615e+00
1.214030750492367750e+00 -1.330363533660632314e-01
-4.015469045221368716e-01 -2.525675956674987566e-01
7.705727454502253604e-02 -1.522446670001509350e-01
-5.183475045860019836e-01 -1.520109783798076597e+00
7.167363554076653376e-01 7.521699315718297640e-01
2.601709202678481603e-02 -1.810976863501063683e+00
-6.503448600271266589e-01 3.993316832423383089e-01
4.550587034353313909e-01 -8.216189325784635233e-01
3.796061904989800340e-01 7.020407461151912942e-01
1.617107530254559000e-01 6.825147216211761014e-01
-6.170589584253723947e-01 9.571801475879337939e-01
-6.525432661420396130e-01 -5.109331548613669227e-01
1.124601769779118632e+00 7.786602328769731685e-02
4.549058604976853326e-01 6.961613056511725128e-01
6.394970126980028535e-01 -1.528309064951681506e+00
-4.217261246451237677e-01 2.121643787702367501e-01
1.906324912914369563e+00 2.395698591845580872e-01
4.753460577876310600e-01 6.985722511921920175e-01
7.716806679417642645e-01 6.915144534789156028e-01
-1.110866748490397793e+00 9.401086132985105870e-01
1.223083605507793159e+00 6.436701689549075844e-01
-7.762090936650856143e-01 1.027615519718341197e+00
1.141170990328645329e+00 4.782681425367061312e-01
-6.090715318866235517e-01 -7.588093601582871495e-01
6.432264870094737130e-01 6.968747809973121488e-01
7.264105189059771872e-01 -1.603833642231782708e+00
1.014071887484158774e+00 5.559552907960405577e-01
-6.751887763092738748e-01 -2.671003139819587702e-01
3.775590031295714688e-01 6.835357437800603231e-01
1.510046021775104830e+00 4.169149342559157478e-01
-2.304826602991360551e-01 8.519296608063497978e-02
1.135875638472407134e+00 7.116017765294757602e-01
-1.040710553574790698e+00 -2.443054758514440206e+00
2.550915253233588809e-01 -1.218855586057824514e+00
-7.528122265059834506e-01 -4.413978123347606641e-01
5.619540684345872839e-01 6.967425078475301126e-01
-8.791682423373692323e-02 -2.920585866447233947e-01
5.798748948250797008e-01 6.964221328462857352e-01
-9.972384137382139802e-01 4.196859248832596201e-02
1.993047334446635066e+00 -8.403557553131779656e-02
4.798703896877179464e-01 6.902942583360736073e-01
1.134872329304762006e+00 7.129983698454149810e-01
-6.036030935117226992e-01 -2.380836564044550574e-01
1.045615606176669932e+00 -7.481433691623207149e-01
-4.410745776519351402e-01 -3.791582258549981432e-01
7.162540989457971685e-01 6.987392559739593612e-01
-1.626012073383649836e+00 1.628378576177829107e-01
1.308340810342430105e+00 -5.589803284321931409e-01
6.514174101186288590e-01 6.927321532008478000e-01
5.764616202525901789e-01 -2.987552335028222927e-01
8.308056623021189413e-01 7.012170185300038439e-01
9.085707596898175975e-01 2.063642498390505509e-01
7.126143930758923606e-01 -1.800083596746844039e+00
8.169934224110311227e-01 6.955074307060634675e-01
7.418105910477789111e-01 7.012443799261794952e-01
2.023306664873065763e+00 1.224026369653556268e+00
-5.007714758589544291e-01 5.824490855283173119e-01
9.867850745287432002e-01 -5.734214309148776278e-01
1.395421000698193081e+00 7.219981116220464124e-01
-8.425645575405888987e-01 -2.998192451692515803e+00
1.493600445480133265e-01 6.889451402096442578e-01
8.346932598144908289e-01 7.042495177849440458e-01
3.181067830907529093e-01 6.865574835060233028e-01
1.103405031624939525e+00 -9.129850423619214617e-01
-7.593966204361570771e-01 -7.771212680764583158e-02
1.262604245040200190e+00 1.483064253126095133e-01
-1.626037060634207165e+00 2.269632813451872622e+00
-2.373171280730429489e-01 -1.774622027130317692e+00
-3.828368714661466998e-01 2.121495606785528953e-01
1.181015586946418061e+00 7.618453932281776808e-01
5.869839426183036668e-01 7.011174881465136455e-01
1.561207888163348656e+00 7.257926426751257765e-01
2.899495318233382690e-01 6.928854003069686573e-01
-8.062658401599192004e-01 1.368454982114942542e+00
5.828451569209573968e-01 6.928991801365282921e-01
2.361640109843032298e-01 -7.955453427641890896e-01
-1.065297369108597403e+00 1.053124123256954814e+00
2.474023819969414784e-01 -1.312632989992843280e+00
-2.749433020853325749e-01 -1.413841937481236544e+00
1.722851850875017909e+00 1.221095271239810875e+00
-7.679365830286933869e-01 7.378719164695731747e-01
-6.958294992695185366e-01 8.135779182614298888e-01
6.481946506621028004e-01 -1.647072672236627344e+00
-5.732405036629169004e-01 -1.075035497600925538e+00
1.136733416339786640e+00 7.140600972020715309e-01
-9.370012638690990991e-01 4.525814724616226137e-01
6.774530865308315830e-01 6.963119238512107678e-01
-5.665827207692131218e-01 -5.734508586197800684e-01
-4.559960604270488771e-01 -9.003985530702695028e-01
-7.073497172313355508e-01 1.027885031091731349e+00
-8.432052280835420355e-01 1.493754005927416806e+00
-1.878371095823243575e+00 2.169123529009986395e+00
-9.764889228645257102e-01 7.342135092546120401e-01
9.564517423928372564e-01 7.055573795218706978e-01
-1.870027472710605876e-01 -2.188515467961146266e-01
-5.358415123753366149e-01 -5.796971588913601980e-02
1.019312509045805060e+00 -7.833634323604953265e-01
-1.092497055219589841e+00 1.075376752760252463e+00
1.598354354560609147e+00 -3.328148169056433403e+00
1.032634548645553485e-01 -1.470423270494529699e+00
-5.689390668454485933e-01 2.689565032116533194e-01
1.133998648730236480e+00 1.022943815943045953e-01
1.258880188126445088e+00 1.163339408457438884e-01
2.753385738568702168e-01 6.915976902794602754e-01
4.783871992098179815e-01 -1.075332103755291424e+00
-6.827251094147083199e-01 -9.653500751590711193e-01
8.102191884583820336e-01 -1.884601529579623458e+00
4.577169144763593711e-01 6.923565528991409979e-01
5.334402892606195934e-01 6.924727750972441420e-01
-1.063979848771231751e+00 9.771886166568919396e-01
-1.446713433201876953e+00 1.730423759936794426e-02
-6.633220145347290542e-01 3.270968921047950340e-01
-9.360044216708029996e-01 -2.454043154665719317e-02
-2.618522080292692955e+00 8.107791439364908648e-01
4.781309688610236308e-01 6.988208767612995587e-01
1.935850966130376882e-01 -1.302515218377197748e+00
8.429633962708925621e-01 7.007533370684403407e-01
1.654255900258291501e+00 9.310951537822840240e-01
5.528281834493596891e-01 7.035050309679756753e-01
8.634917534837869280e-01 7.086025777375232204e-01
-2.322988981260772690e+00 6.339080109197574586e-01
3.995198833677369721e-01 -1.651470960811302735e+00
-4.754070295867673934e-02 -1.254256322718941163e+00
-1.305734409106783511e-01 -9.082232970664578797e-01
-1.501544640576070178e+00 3.844847987318733562e-02
-2.592859365842419828e-01 -2.047018832892051332e-01
-4.429904427510107934e-01 -2.166142257331782339e-01
1.382693027647841522e+00 -5.121767652502606794e-03
9.219164085359241589e-01 -7.233675123450572508e-01
-9.254900912282626457e-02 -6.360936898580378251e-01
6.020662874228758232e-01 6.988414067430034349e-01
1.104078548477521515e+00 7.191971221319846119e-01
2.682205728426593772e-01 6.776376691012415687e-01
7.236979171316042514e-01 6.955878566100087701e-01
-2.217781150009667801e+00 1.281175520296602865e+00
-6.593126548137948628e-01 3.441960415562720366e-01
-6.764574260676786688e-01 -2.822518270232528548e-01
-8.189487687300815999e-01 -7.162173759007683937e-01
-1.180745722700387912e+00 -3.965266534455925140e-01
-9.027735492730470934e-01 -6.168967586509638279e-01
8.514066741302417363e-01 7.000387900840072675e-01
9.810461050259418059e-01 -2.083662792452444013e+00
-4.642570143439992414e-01 -9.974896575073333160e-03
4.541682753616690382e-01 6.887595941749542483e-01
-1.266858742424778139e+00 -3.360147993132797106e-01
-4.612983354932647106e-01 -1.430495381420135992e+00
-5.439259414691981487e-01 2.373605848794091422e-02
-4.630866630625189995e-01 2.394693253833015678e-01
-1.573624992027400360e+00 5.197335999815542174e-01
-2.506984645690964464e-01 1.148052102502088445e-01
6.706819095652883922e-01 7.007407820883200245e-01
-4.354622202243202955e-01 -4.031577595304556838e-01
-1.420999031362838227e+00 -4.274653210693682981e-01
1.032355839074311277e+00 7.097401912237650823e-01
1.538251263045278705e+00 7.241655279468627304e-01
-1.896483678401863493e-01 -1.987776936760270452e-01
-5.855504595620556474e-01 7.432538097987717585e-03
7.836468467010904160e-01 -3.112274329261585648e-01
-7.326315010986458320e-01 2.587451367486027776e-01
-1.078008761348026034e+00 9.982528547639191174e-01
2.882358167155325557e-01 -1.280271654428097428e+00
-8.120583994352197355e-01 1.034767790711738078e-01
-1.133637181056410537e+00 -3.399606365134044683e-02
-2.456180102946138311e-01 -2.339991842595377847e+00
-1.818269162493707292e+00 2.831259234035184980e-01
-1.398947928806931973e+00 2.503419149508778752e-02
-1.065986687453262416e+00 -5.008193177845732258e-02
-8.472036563509428575e-01 -7.797942594452149656e-01
-4.290967764851830180e-01 -6.400226151490364668e-01
-1.481156294299855514e+00 2.106271465457505432e+00
-8.468290101957356431e-01 1.017583303513830639e+00
7.256766499752859145e-01 3.737903619574578507e-01
2.135794900684579112e+00 -3.179569145887649051e-01
1.245776890881668431e+00 7.265355373639862391e-01
3.886091529192376437e-01 -1.077613375133600560e+00
-1.188037498302599637e+00 -2.153236351658134873e-01
-5.057848495339827277e-01 -1.085841095996150862e+00
6.072615935638765450e-01 6.842056946824199848e-01
-9.974962708887732399e-01 1.294537763594258761e+00
4.707753596376017535e-01 6.938414827242086469e-01
-4.500740895034971434e-01 7.704242663419071935e-01
-1.534855127383182971e+00 6.136739992662121335e-02
-1.346056098031880532e+00 3.223287515594608355e-01
7.807572087449552445e-01 -2.366411540652612056e-01
8.463896302825171247e-01 -8.195803437920831103e-01
2.022539919171963074e+00 7.892827690754631309e-01
-8.238553518391904529e-01 -3.068893001956101152e+00
5.653475351761271250e-01 6.987870913407419060e-01
1.346257087224753901e+00 3.307737691695482596e-01
-4.813448809975204856e-01 4.146979469634015092e-01
-1.949951414515455284e+00 5.829929857680908878e-01
-1.275024958564111577e+00 -3.669261285863401056e-01
7.214437947526803896e-01 6.992148405501534825e-01
3.839875532224370502e-01 -1.765146175397817263e+00
-1.487963885216521343e+00 -3.706945332241680657e-01
-1.666312329159276295e-01 9.367440572958302125e-01
-4.840822336711573248e-01 -6.732913552317160155e-01
8.482420638647355515e-01 7.091220974202308014e-01
-3.004527294480107691e-01 -1.131403974169320703e+00
1.026086819590229293e+00 7.131337327284242855e-01
2.420309225002574838e-01 -1.959483881847509545e+00
1.690120830305154032e+00 -2.876258141115108913e+00
8.601134205570075686e-01 -9.548497418041677065e-01
-1.417802546322232793e+00 2.021548460141237680e+00
1.674941776743759769e+00 3.946580963181649526e-01
-5.922086369274077722e-01 1.289961260347474603e+00
4.417395327601034150e-01 -1.583927930233136605e+00
-7.902081862709017246e-01 7.607423525110079687e-01
4.345147822333066401e-01 6.850922103342819147e-01
1.605936336300395340e-01 -5.893588335123465249e-01
1.057665345602427198e+00 7.083609426499706263e-01
-6.400316162281364241e-01 3.529022066885935671e-01
-8.874281053586592360e-01 4.507065163810386466e-01
9.064033217959119870e-01 -2.520336673355174639e+00
1.064314051972914399e-01 -9.822653369972094151e-01
-3.765362942106936228e-01 -1.010747674509198113e+00
8.913963333124393928e-01 -1.218206507118945403e+00
-1.617369463235386329e-01 -9.211706452432927295e-01
-1.065898341007910144e+00 1.951863819214178841e+00
5.611591538680887892e-01 6.935396233192661075e-01
7.251992964384778029e-01 -1.967008773694854495e+00
1.458051058773464526e+00 4.591409066482654566e-02
-3.993832484918539705e-01 2.173440831554634967e-01
-1.342503467312173626e+00 2.365989402624598892e+00
-1.192061621023381646e+00 -1.150654278047941181e-01
3.784293752459220728e-01 -1.221902856746893917e+00
-1.801704356935420304e+00 7.833963875960794354e-01
9.999604731812163916e-01 -2.334506584426967457e+00
-6.355063779028048421e-01 4.060358171668868588e-01
-1.396072168870945429e-01 -1.140194937168567790e+00
-1.911402025383683867e-01 -1.242159379353107607e+00
2.191744845307589951e-01 -1.265422073958875959e+00
-1.661499505025743062e-02 -4.756116048589142942e-01
5.311142770113307376e-01 6.881603853508204693e-01
4.876457717174093043e-01 6.905089393192636038e-01
-2.948286781719402505e-01 -1.511642964086750585e+00
9.845427033098645975e-01 7.096486452792712951e-01
1.492167046716511791e+00 7.316478735582137016e-01
-1.093473960405519030e+00 1.519721802090243212e+00
-9.765087539965116026e-01 -4.912042743574637216e-01
-2.134523664534883070e-01 -7.007558773812665454e-01
1.179968061563595016e+00 4.926897548799737958e-01
3.554716627068169599e-01 6.785660302427417578e-01
1.068158974715061493e+00 7.166390991551853107e-01
7.452805256820878022e-01 6.997192920973243080e-01
5.310135349754168121e-01 6.984650043751935433e-01
7.352004655777549802e-01 6.995223712101144020e-01
-5.082170752941002068e-01 -1.095933984628585378e+00
-3.222825811993791367e-01 -3.787105241257571198e-01
2.631628481678299769e-01 -1.422736338170001780e+00
4.095014308627173971e-01 6.925558828423399316e-01
3.088593716439930748e-01 -8.173574561431270480e-01
-1.311420090413296435e+00 1.589973937309542951e+00
-1.478575282699571503e+00 3.117405091518377080e-01
9.167853996750748857e-01 7.041326076056156902e-01
-4.256582111577211780e-02 -2.269113277991563038e+00
3.582496869220286317e-02 -8.693602155618735949e-01
1.036901025355883688e+00 -1.679578729664692904e+00
-5.650597092922244880e-01 4.687868687506598908e-01
1.522741684746332425e+00 -3.211327277040907369e-01
3.619812527148168479e-01 6.856964365868024602e-01
1.246948668937166715e+00 -1.000505993975006058e-01
-7.446577921265917777e-01 -4.846866162181342474e-01
-2.468336455223188786e+00 7.178951457059621344e-01
1.511808693133907200e+00 9.459851731827582100e-01
1.081434648926207887e+00 7.242622674189921339e-01
5.387692466935434243e-02 -2.055928454780430847e+00
-2.866101517347055538e-01 -3.682188488296322948e-01
-7.794830436371331661e-01 -7.112042449302355962e-01
2.149207374986740859e+00 1.337372102563538556e+00
-5.071866120472056094e-01 9.218925845662762075e-01
-2.176447565756955971e-02 6.837666736841570003e-01
-4.749042189785435131e-01 7.763861665571025750e-02
-1.295896758830153761e+00 -1.716589836757881349e-01
9.799549754005802971e-01 7.078397286006039568e-01
1.432082433503214514e-01 -5.569336676189192703e-01
-3.731247038360760437e-01 -4.470002742709795474e-01
2.644642723029715370e+00 1.422206573833904253e+00
-1.597856660334213030e+00 9.072504922483481948e-02
1.415310338717806982e+00 -1.847211778979744867e-01
1.428987854000500990e+00 -2.527221235061404503e+00
1.143816486739235083e+00 7.212007114914602557e-01
1.444881674433756036e+00 -3.263639951129687633e-01
-8.109829857824901733e-01 1.164509891042489809e+00
8.008628450986206015e-01 5.782486268793436412e-01
-2.667938197882325113e+00 9.044808094522251984e-01
7.851656369663734258e-01 6.975607296214434427e-01
-1.659466194428216301e-01 -2.216778803890917082e+00
4.065133038979181768e-01 -8.651002182172180532e-01
2.392563777076452514e+00 1.781897314355102457e+00
4.217181866894850195e-01 6.935011203790238943e-01
1.180621663793307574e-01 6.774247737406995373e-01
-1.905783782461362819e+00 -2.143105186131948892e-01
8.592094123401607941e-01 7.038226877396432934e-01
-6.639479023380563394e-01 -4.307444110319170738e-01
-1.769246502429522305e-01 -9.767046003511319352e-01
4.371817425450981731e-01 -4.513458578905710783e-01
1.331414697632298694e+00 -3.650603424965339627e-01
6.887550615671348408e-01 6.969646763390902056e-01
2.561329216661156316e+00 1.660990224950184446e+00
9.934490008866110333e-01 7.189809536280764579e-01
-9.584844382008124164e-01 -4.374345375073096509e-01
9.984838123119932352e-01 -4.921297730413914939e-01
1.998226720864412886e+00 9.147667137105939261e-01
-4.219766187126361423e-02 -1.341355475286404975e+00
-1.943103434189373813e+00 7.784633246912799898e-01
3.639059892152534115e-01 -1.017204350718778239e+00
1.577927737024664712e-02 -3.819078597215352922e-02
-1.417120342391115395e+00 -2.172550236515245481e-01
9.453673153562014431e-01 7.077097396840918986e-01
1.144392086580714007e+00 7.123885332677679649e-01
1.117550990696411617e+00 -1.099207427844348661e+00
1.563205517719576942e-01 -9.581739143598668740e-01
1.020793663898661441e+00 7.114321995363654949e-01
1.652427726279163123e-01 -2.048860736662227122e+00
-1.122561599416422862e-01 -6.707503009624935508e-01
5.425683030802125328e-01 7.008992723113964818e-01
4.465201390963253192e-01 6.958809652250897981e-01
-1.605108312967061801e-01 -2.689982266109961495e-01
1.514350254022889253e-01 -5.641595131248757777e-01
-4.148846858805796955e-01 6.476397066297501226e-02
4.678182473883683024e-01 6.893198238557144419e-01
4.482840968722957564e-01 -1.527208101388586758e+00
7.183524336690293444e-01 7.025466072491554081e-01
-1.144994085034243270e-01 -1.716144704769664298e+00
-1.455393298335392327e+00 2.092465155880300465e+00
-2.089565477189076148e+00 4.813137532635785032e-01
1.088368484112740120e+00 7.139285764947921331e-01
6.112776189213168232e-01 -7.182395208009569876e-01
9.736398533551759993e-01 7.140129284010795496e-01
-7.982533633403635642e-01 -3.889151893901287016e-01
1.105770124511654906e+00 7.191871153095259483e-01
-3.806527653161541624e-01 -9.423882990969945084e-01
7.544867547415664566e-01 6.978355291153215401e-01
-1.505653017536637606e+00 2.327071734570452799e-01
9.907215874300345781e-02 -1.982686178106715991e+00
2.465638958014384485e-01 -1.134829912053641143e+00
-1.218359928135285930e+00 1.425522612224628283e+00
-7.937638186336252177e-01 1.012371288642783362e+00
-4.238445574519920100e-01 -1.637708553692015512e-01
6.014753201956449802e-01 6.982888558682441849e-01
8.412654245011662590e-01 7.006262220456926926e-01
5.484296303629572211e-01 -9.158362939515201084e-01
-1.307242784033241678e+00 1.498293525576539498e-01
7.356960927159874597e-01 7.089785256843715855e-01
3.795991277197214298e-01 6.932363103864551679e-01
-1.234562637684445630e+00 1.531015424485637766e+00
-8.150668758939305647e-01 8.533444932083150691e-01
-1.395651105764570854e+00 -5.869660403299364893e-01
4.644873916796257163e-01 6.889927327672412671e-01
-1.229257469751181331e+00 -2.600314199141675608e+00
1.493908732851729759e-01 6.837402166691690653e-01
5.906986956629748375e-01 7.021067429916131308e-01
4.446021779635926374e-01 7.005590241945426344e-01
1.075279902467537463e-01 -7.241962126616359186e-01
-3.865255636468866163e-01 7.037644085937947436e-01
-1.003968175425872467e+00 -5.220465864817869228e-01
6.788635935280317169e-01 7.091794954356678282e-01
-1.447298708934122491e+00 -7.791649943976841630e-02
2.479824320166534868e-02 -1.311564871964271184e+00
-1.545850611337120428e+00 -8.410413849214293247e-02
-6.910922730641091416e-01 -1.458635026473550589e+00
-6.707058596361353819e-01 7.733041959967770218e-01
1.040391369727895254e+00 7.162047843908244671e-01
-1.137667007826204335e+00 -2.592615137733985664e-01
7.861776693285974504e-01 -4.822143100648225711e-01
-1.372799301455164267e-01 -1.051663620344919892e+00
1.811072547148309120e-01 -1.549336594366688136e+00
-2.136865422492964406e+00 4.421306462852863106e-01
1.119057581280481939e+00 7.167989671267728236e-01
9.528071768935344465e-01 2.501986980239746527e-01
6.104004489186906079e-01 6.891052933588980300e-01
-7.655978114302175452e-02 -1.150324595914824499e+00
-3.940654347285804660e-01 5.927882177476284653e-02
-9.632505803523633281e-01 -5.012233988122887229e-01
1.078446439112022981e+00 7.191148163972459484e-01
-7.708197778417275048e-01 3.570604163036447676e-01
-1.177818527243958968e-01 -2.390090944547400120e+00
-4.728407009930721827e-01 -2.717199179784985041e+00
1.662863794839117837e-01 -1.745131613761703226e+00
-5.369034075647669546e-01 -8.200681968026705126e-01
1.011044019671561767e+00 7.107522036057485337e-01
-1.021374464010129435e+00 -6.791920690849559961e-01
-9.321455129408880991e-01 1.273135582481783601e+00
-3.947997622730404221e-01 -9.542451693085338693e-01
-1.396126705492907183e-01 -1.100048001879422754e+00
-5.458674683475268630e-01 -1.658786072123261679e+00
-1.613044103243910898e+00 2.592087929363149357e+00
-1.077696070932048222e-01 2.814084548532010954e-01
-9.020709227979619715e-01 -1.438427802394378396e+00
-4.045244331308264218e-01 -9.616097160502432573e-01
-2.811976873070027416e+00 7.613616492634565081e-01
-3.008650351883115914e-01 -1.123961886394420961e+00
-3.107708255312324752e-02 1.844270057756425274e-02
-1.043095789439113297e+00 1.697808714566954258e+00
3.092332346387822728e-01 6.840163817563752469e-01
6.862341610079947252e-01 6.974008638897075674e-01
8.808235248857743116e-01 7.062930053316780477e-01
4.641430681214732124e-01 -6.638479725103941798e-01
-7.218653893253139664e-01 -5.795651824105745309e-01
1.593901018056998797e+00 2.667668972860604004e-01
9.809645175676416917e-01 -1.010384466169017559e+00
-3.090492917877856738e-01 -6.542726743304609904e-01
6.673662682906561505e-01 6.984940834983356384e-01
1.091111309543805863e+00 -8.232136108736270996e-01
1.711530488328034671e-01 -1.176611511510819996e+00
6.464830909259091651e-01 -3.473222884707520830e-01
2.961553190929431256e-01 -2.014696162645515543e+00
-1.503802257476652082e+00 1.396028151860584376e-01
2.531616467724939756e-02 -1.160347541227941814e+00
-4.668485146723894696e-01 5.006851185181845354e-01
1.056179782840574788e+00 7.059285447077439102e-01
-8.753509878525300714e-01 9.433209862577092153e-01
7.850993638731740276e-02 -5.026645731836183462e-01
1.313634355013818755e+00 -2.100287601416590544e-01
-1.507689386421590116e+00 2.029201017492713532e+00
1.194380954822864993e+00 3.796806665664542724e-01
-9.010099414455110534e-01 7.939104280189553942e-01
-8.933909411973203207e-01 -2.402030257868104091e-02
-1.780976045803316588e+00 4.080413040037271788e-01
1.098171849146851287e+00 7.145167259160185580e-01
-7.089732183797096132e-01 -6.929633008119795434e-01
-9.610750206930149808e-01 9.829004393062616973e-01
-1.197513121892904486e+00 -3.904537822664310154e-01
-2.137391204631855501e+00 4.521460456120192095e-01
2.939552886167831058e-01 -1.207144626843217772e+00
-5.085133429363470903e-01 -1.233409340242027197e+00
-1.571139129046007721e+00 3.472151169096173717e+00
8.755820588942777594e-01 -1.817733406152118425e+00
-5.156905052818496760e-01 -3.485374953339683834e-01
-1.351110607087213644e+00 -2.492249665964839656e-01
-1.124938666704311085e+00 1.757661511458696202e+00
-6.275146294503419764e-02 -8.882275248589143191e-01
8.910830826661250148e-01 7.167592236917431636e-01
-9.207378601116833483e-01 1.200114583884750674e+00
7.865124618203472862e-01 7.116675144884619941e-01
4.491180815413997607e-02 -8.701212690824726703e-01
